============================================================
  PROBLÈME 11 — Balas-Hammer
============================================================

--- Tableau de contraintes ---
          C1     C2     C3     C4     C5     C6     C7     C8     C9    C10  | Provisions
-----------------------------------------------------------------------------------------
P1         1      2      3      4      5      6      7      8      9     10  | 10
P2        11     12     13     14     15     16     17     18     19     20  | 20
P3        21     22     23     24     25     26     27     28     29     30  | 30
P4        31     32     33     34     35     36     37     38     39     40  | 40
P5        41     42     43     44     45     46     47     48     49     50  | 50
P6        51     52     53     54     55     56     57     58     59     60  | 60
P7        61     62     63     64     65     66     67     68     69     70  | 70
P8        71     72     73     74     75     76     77     78     79     80  | 80
P9        81     82     83     84     85     86     87     88     89     90  | 90
P10       91     92     93     94     95     96     97     98     99    100  | 100
P11      101    102    103    104    105    106    107    108    109    110  | 110
P12      111    112    113    114    115    116    117    118    119    120  | 120
P13      121    122    123    124    125    126    127    128    129    130  | 130
P14      131    132    133    134    135    136    137    138    139    140  | 140
P15      141    142    143    144    145    146    147    148    149    150  | 150
P16      151    152    153    154    155    156    157    158    159    160  | 160
P17      161    162    163    164    165    166    167    168    169    170  | 170
P18      171    172    173    174    175    176    177    178    179    180  | 180
P19      181    182    183    184    185    186    187    188    189    190  | 190
P20      191    192    193    194    195    196    197    198    199    200  | 200
-----------------------------------------------------------------------------------------
Cmd      120    140    160    180    200    220    240    260    280    300

--- Méthode Balas-Hammer ---
Pénalités lignes : [1, 1, 1, 1, 1, 1, 1, 1, 1, 1, 1, 1, 1, 1, 1, 1, 1, 1, 1, 1]
Pénalités colonnes : [10, 10, 10, 10, 10, 10, 10, 10, 10, 10]
Pénalité maximale : 10
Candidats lignes : [], Candidats colonnes : [0, 1, 2, 3, 4, 5, 6, 7, 8, 9]
Colonne C1 sélectionnée -> F1C1 = 10
Pénalités lignes : [1, 1, 1, 1, 1, 1, 1, 1, 1, 1, 1, 1, 1, 1, 1, 1, 1, 1, 1, 1]
Pénalités colonnes : [10, 10, 10, 10, 10, 10, 10, 10, 10, 10]
Pénalité maximale : 10
Candidats lignes : [], Candidats colonnes : [0, 1, 2, 3, 4, 5, 6, 7, 8, 9]
Colonne C1 sélectionnée -> F2C1 = 20
Pénalités lignes : [1, 1, 1, 1, 1, 1, 1, 1, 1, 1, 1, 1, 1, 1, 1, 1, 1, 1, 1, 1]
Pénalités colonnes : [10, 10, 10, 10, 10, 10, 10, 10, 10, 10]
Pénalité maximale : 10
Candidats lignes : [], Candidats colonnes : [0, 1, 2, 3, 4, 5, 6, 7, 8, 9]
Colonne C1 sélectionnée -> F3C1 = 30
Pénalités lignes : [1, 1, 1, 1, 1, 1, 1, 1, 1, 1, 1, 1, 1, 1, 1, 1, 1, 1, 1, 1]
Pénalités colonnes : [10, 10, 10, 10, 10, 10, 10, 10, 10, 10]
Pénalité maximale : 10
Candidats lignes : [], Candidats colonnes : [0, 1, 2, 3, 4, 5, 6, 7, 8, 9]
Colonne C1 sélectionnée -> F4C1 = 40
Pénalités lignes : [1, 1, 1, 1, 1, 1, 1, 1, 1, 1, 1, 1, 1, 1, 1, 1, 1, 1, 1, 1]
Pénalités colonnes : [10, 10, 10, 10, 10, 10, 10, 10, 10, 10]
Pénalité maximale : 10
Candidats lignes : [], Candidats colonnes : [0, 1, 2, 3, 4, 5, 6, 7, 8, 9]
Colonne C2 sélectionnée -> F5C2 = 50
Pénalités lignes : [1, 1, 1, 1, 1, 1, 1, 1, 1, 1, 1, 1, 1, 1, 1, 1, 1, 1, 1, 1]
Pénalités colonnes : [10, 10, 10, 10, 10, 10, 10, 10, 10, 10]
Pénalité maximale : 10
Candidats lignes : [], Candidats colonnes : [0, 1, 2, 3, 4, 5, 6, 7, 8, 9]
Colonne C2 sélectionnée -> F6C2 = 60
Pénalités lignes : [1, 1, 1, 1, 1, 1, 1, 1, 1, 1, 1, 1, 1, 1, 1, 1, 1, 1, 1, 1]
Pénalités colonnes : [10, 10, 10, 10, 10, 10, 10, 10, 10, 10]
Pénalité maximale : 10
Candidats lignes : [], Candidats colonnes : [0, 1, 2, 3, 4, 5, 6, 7, 8, 9]
Colonne C3 sélectionnée -> F7C3 = 70
Pénalités lignes : [1, 1, 1, 1, 1, 1, 1, 1, 1, 1, 1, 1, 1, 1, 1, 1, 1, 1, 1, 1]
Pénalités colonnes : [10, 10, 10, 10, 10, 10, 10, 10, 10, 10]
Pénalité maximale : 10
Candidats lignes : [], Candidats colonnes : [0, 1, 2, 3, 4, 5, 6, 7, 8, 9]
Colonne C3 sélectionnée -> F8C3 = 80
Pénalités lignes : [1, 1, 1, 1, 1, 1, 1, 1, 1, 1, 1, 1, 1, 1, 1, 1, 1, 1, 1, 1]
Pénalités colonnes : [10, 10, 10, 10, 10, 10, 10, 10, 10, 10]
Pénalité maximale : 10
Candidats lignes : [], Candidats colonnes : [0, 1, 2, 3, 4, 5, 6, 7, 8, 9]
Colonne C4 sélectionnée -> F9C4 = 90
Pénalités lignes : [1, 1, 1, 1, 1, 1, 1, 1, 1, 1, 1, 1, 1, 1, 1, 1, 1, 1, 1, 1]
Pénalités colonnes : [10, 10, 10, 10, 10, 10, 10, 10, 10, 10]
Pénalité maximale : 10
Candidats lignes : [], Candidats colonnes : [0, 1, 2, 3, 4, 5, 6, 7, 8, 9]
Colonne C5 sélectionnée -> F10C5 = 100
Pénalités lignes : [1, 1, 1, 1, 1, 1, 1, 1, 1, 1, 1, 1, 1, 1, 1, 1, 1, 1, 1, 1]
Pénalités colonnes : [10, 10, 10, 10, 10, 10, 10, 10, 10, 10]
Pénalité maximale : 10
Candidats lignes : [], Candidats colonnes : [0, 1, 2, 3, 4, 5, 6, 7, 8, 9]
Colonne C6 sélectionnée -> F11C6 = 110
Pénalités lignes : [1, 1, 1, 1, 1, 1, 1, 1, 1, 1, 1, 1, 1, 1, 1, 1, 1, 1, 1, 1]
Pénalités colonnes : [10, 10, 10, 10, 10, 10, 10, 10, 10, 10]
Pénalité maximale : 10
Candidats lignes : [], Candidats colonnes : [0, 1, 2, 3, 4, 5, 6, 7, 8, 9]
Colonne C7 sélectionnée -> F12C7 = 120
Pénalités lignes : [1, 1, 1, 1, 1, 1, 1, 1, 1, 1, 1, 1, 1, 1, 1, 1, 1, 1, 1, 1]
Pénalités colonnes : [10, 10, 10, 10, 10, 10, 10, 10, 10, 10]
Pénalité maximale : 10
Candidats lignes : [], Candidats colonnes : [0, 1, 2, 3, 4, 5, 6, 7, 8, 9]
Colonne C8 sélectionnée -> F13C8 = 130
Pénalités lignes : [1, 1, 1, 1, 1, 1, 1, 1, 1, 1, 1, 1, 1, 1, 1, 1, 1, 1, 1, 1]
Pénalités colonnes : [10, 10, 10, 10, 10, 10, 10, 10, 10, 10]
Pénalité maximale : 10
Candidats lignes : [], Candidats colonnes : [0, 1, 2, 3, 4, 5, 6, 7, 8, 9]
Colonne C9 sélectionnée -> F14C9 = 140
Pénalités lignes : [1, 1, 1, 1, 1, 1, 1, 1, 1, 1, 1, 1, 1, 1, 1, 1, 1, 1, 1, 1]
Pénalités colonnes : [10, 10, 10, 10, 10, 10, 10, 10, 10, 10]
Pénalité maximale : 10
Candidats lignes : [], Candidats colonnes : [0, 1, 2, 3, 4, 5, 6, 7, 8, 9]
Colonne C10 sélectionnée -> F15C10 = 150
Pénalités lignes : [1, 1, 1, 1, 1, 1, 1, 1, 1, 1, 1, 1, 1, 1, 1, 1, 1, 1, 1, 1]
Pénalités colonnes : [10, 10, 10, 10, 10, 10, 10, 10, 10, 10]
Pénalité maximale : 10
Candidats lignes : [], Candidats colonnes : [0, 1, 2, 3, 4, 5, 6, 7, 8, 9]
Colonne C10 sélectionnée -> F16C10 = 150
Pénalités lignes : [1, 1, 1, 1, 1, 1, 1, 1, 1, 1, 1, 1, 1, 1, 1, 1, 1, 1, 1, 1]
Pénalités colonnes : [10, 10, 10, 10, 10, 10, 10, 10, 10, 10]
Pénalité maximale : 10
Candidats lignes : [], Candidats colonnes : [0, 1, 2, 3, 4, 5, 6, 7, 8]
Colonne C1 sélectionnée -> F16C1 = 10
Pénalités lignes : [1, 1, 1, 1, 1, 1, 1, 1, 1, 1, 1, 1, 1, 1, 1, 1, 1, 1, 1, 1]
Pénalités colonnes : [10, 10, 10, 10, 10, 10, 10, 10, 10, 10]
Pénalité maximale : 10
Candidats lignes : [], Candidats colonnes : [0, 1, 2, 3, 4, 5, 6, 7, 8]
Colonne C9 sélectionnée -> F17C9 = 140
Pénalités lignes : [1, 1, 1, 1, 1, 1, 1, 1, 1, 1, 1, 1, 1, 1, 1, 1, 1, 1, 1, 1]
Pénalités colonnes : [10, 10, 10, 10, 10, 10, 10, 10, 10, 10]
Pénalité maximale : 10
Candidats lignes : [], Candidats colonnes : [0, 1, 2, 3, 4, 5, 6, 7]
Colonne C2 sélectionnée -> F17C2 = 30
Pénalités lignes : [1, 1, 1, 1, 1, 1, 1, 1, 1, 1, 1, 1, 1, 1, 1, 1, 1, 2, 2, 2]
Pénalités colonnes : [10, 10, 10, 10, 10, 10, 10, 10, 10, 10]
Pénalité maximale : 10
Candidats lignes : [], Candidats colonnes : [0, 2, 3, 4, 5, 6, 7]
Colonne C8 sélectionnée -> F18C8 = 130
Pénalités lignes : [1, 1, 1, 1, 1, 1, 1, 1, 1, 1, 1, 1, 1, 1, 1, 1, 1, 2, 2, 2]
Pénalités colonnes : [10, 10, 10, 10, 10, 10, 10, 10, 10, 10]
Pénalité maximale : 10
Candidats lignes : [], Candidats colonnes : [0, 2, 3, 4, 5, 6]
Colonne C4 sélectionnée -> F18C4 = 50
Pénalités lignes : [1, 1, 1, 1, 1, 1, 1, 1, 1, 1, 1, 1, 1, 1, 1, 1, 1, 2, 2, 2]
Pénalités colonnes : [10, 10, 10, 10, 10, 10, 10, 10, 10, 10]
Pénalité maximale : 10
Candidats lignes : [], Candidats colonnes : [0, 2, 3, 4, 5, 6]
Colonne C7 sélectionnée -> F19C7 = 120
Pénalités lignes : [1, 1, 1, 1, 1, 1, 1, 1, 1, 1, 1, 1, 1, 1, 1, 1, 1, 2, 2, 2]
Pénalités colonnes : [10, 10, 10, 10, 10, 10, 10, 10, 10, 10]
Pénalité maximale : 10
Candidats lignes : [], Candidats colonnes : [0, 2, 3, 4, 5]
Colonne C5 sélectionnée -> F19C5 = 70
Pénalités lignes : [1, 1, 1, 1, 1, 1, 1, 1, 1, 1, 1, 1, 1, 1, 1, 1, 1, 2, 2, 2]
Pénalités colonnes : [0, 10, 0, 0, 0, 0, 10, 10, 10, 10]
Pénalité maximale : 2
Candidats lignes : [19], Candidats colonnes : []
Ligne P20 sélectionnée -> P20C1 = 10
Pénalités lignes : [1, 1, 1, 1, 1, 1, 1, 1, 1, 1, 1, 1, 1, 1, 1, 1, 1, 2, 2, 1]
Pénalités colonnes : [0, 10, 0, 0, 0, 0, 10, 10, 10, 10]
Pénalité maximale : 1
Candidats lignes : [19], Candidats colonnes : []
Ligne P20 sélectionnée -> P20C3 = 10
Pénalités lignes : [1, 1, 1, 1, 1, 1, 1, 1, 1, 1, 1, 1, 1, 1, 1, 1, 1, 2, 2, 1]
Pénalités colonnes : [0, 10, 0, 0, 0, 0, 10, 10, 10, 10]
Pénalité maximale : 1
Candidats lignes : [19], Candidats colonnes : []
Ligne P20 sélectionnée -> P20C4 = 40
Pénalités lignes : [1, 1, 1, 1, 1, 1, 1, 1, 1, 1, 1, 1, 1, 1, 1, 1, 1, 2, 2, 1]
Pénalités colonnes : [0, 10, 0, 0, 0, 0, 10, 10, 10, 10]
Pénalité maximale : 1
Candidats lignes : [19], Candidats colonnes : []
Ligne P20 sélectionnée -> P20C5 = 30
Pénalités lignes : [1, 1, 1, 1, 1, 1, 1, 1, 1, 1, 1, 1, 1, 1, 1, 1, 1, 2, 2, 0]
Pénalités colonnes : [0, 10, 0, 0, 0, 0, 10, 10, 10, 10]
Pénalité maximale : 0
Candidats lignes : [19], Candidats colonnes : [5]
Ligne P20 sélectionnée -> P20C6 = 110

--- Proposition initiale ---
          C1     C2     C3     C4     C5     C6     C7     C8     C9    C10  | Provisions
-----------------------------------------------------------------------------------------
P1         1      2      3      4      5      6      7      8      9     10  | 10
P2        11     12     13     14     15     16     17     18     19     20  | 20
P3        21     22     23     24     25     26     27     28     29     30  | 30
P4        31     32     33     34     35     36     37     38     39     40  | 40
P5        41     42     43     44     45     46     47     48     49     50  | 50
P6        51     52     53     54     55     56     57     58     59     60  | 60
P7        61     62     63     64     65     66     67     68     69     70  | 70
P8        71     72     73     74     75     76     77     78     79     80  | 80
P9        81     82     83     84     85     86     87     88     89     90  | 90
P10       91     92     93     94     95     96     97     98     99    100  | 100
P11      101    102    103    104    105    106    107    108    109    110  | 110
P12      111    112    113    114    115    116    117    118    119    120  | 120
P13      121    122    123    124    125    126    127    128    129    130  | 130
P14      131    132    133    134    135    136    137    138    139    140  | 140
P15      141    142    143    144    145    146    147    148    149    150  | 150
P16      151    152    153    154    155    156    157    158    159    160  | 160
P17      161    162    163    164    165    166    167    168    169    170  | 170
P18      171    172    173    174    175    176    177    178    179    180  | 180
P19      181    182    183    184    185    186    187    188    189    190  | 190
P20      191    192    193    194    195    196    197    198    199    200  | 200
-----------------------------------------------------------------------------------------
Cmd      120    140    160    180    200    220    240    260    280    300

Proposition :
          C1     C2     C3     C4     C5     C6     C7     C8     C9    C10
P1        10      0      0      0      0      0      0      0      0      0
P2        20      0      0      0      0      0      0      0      0      0
P3        30      0      0      0      0      0      0      0      0      0
P4        40      0      0      0      0      0      0      0      0      0
P5         0     50      0      0      0      0      0      0      0      0
P6         0     60      0      0      0      0      0      0      0      0
P7         0      0     70      0      0      0      0      0      0      0
P8         0      0     80      0      0      0      0      0      0      0
P9         0      0      0     90      0      0      0      0      0      0
P10        0      0      0      0    100      0      0      0      0      0
P11        0      0      0      0      0    110      0      0      0      0
P12        0      0      0      0      0      0    120      0      0      0
P13        0      0      0      0      0      0      0    130      0      0
P14        0      0      0      0      0      0      0      0    140      0
P15        0      0      0      0      0      0      0      0      0    150
P16       10      0      0      0      0      0      0      0      0    150
P17        0     30      0      0      0      0      0      0    140      0
P18        0      0      0     50      0      0      0    130      0      0
P19        0      0      0      0     70      0    120      0      0      0
P20       10      0     10     40     30    110      0      0      0      0
Coût total : 279200

--- Méthode du marche-pied ---

--- Itération ---
          C1     C2     C3     C4     C5     C6     C7     C8     C9    C10  | Provisions
-----------------------------------------------------------------------------------------
P1         1      2      3      4      5      6      7      8      9     10  | 10
P2        11     12     13     14     15     16     17     18     19     20  | 20
P3        21     22     23     24     25     26     27     28     29     30  | 30
P4        31     32     33     34     35     36     37     38     39     40  | 40
P5        41     42     43     44     45     46     47     48     49     50  | 50
P6        51     52     53     54     55     56     57     58     59     60  | 60
P7        61     62     63     64     65     66     67     68     69     70  | 70
P8        71     72     73     74     75     76     77     78     79     80  | 80
P9        81     82     83     84     85     86     87     88     89     90  | 90
P10       91     92     93     94     95     96     97     98     99    100  | 100
P11      101    102    103    104    105    106    107    108    109    110  | 110
P12      111    112    113    114    115    116    117    118    119    120  | 120
P13      121    122    123    124    125    126    127    128    129    130  | 130
P14      131    132    133    134    135    136    137    138    139    140  | 140
P15      141    142    143    144    145    146    147    148    149    150  | 150
P16      151    152    153    154    155    156    157    158    159    160  | 160
P17      161    162    163    164    165    166    167    168    169    170  | 170
P18      171    172    173    174    175    176    177    178    179    180  | 180
P19      181    182    183    184    185    186    187    188    189    190  | 190
P20      191    192    193    194    195    196    197    198    199    200  | 200
-----------------------------------------------------------------------------------------
Cmd      120    140    160    180    200    220    240    260    280    300

Proposition :
          C1     C2     C3     C4     C5     C6     C7     C8     C9    C10
P1        10      0      0      0      0      0      0      0      0      0
P2        20      0      0      0      0      0      0      0      0      0
P3        30      0      0      0      0      0      0      0      0      0
P4        40      0      0      0      0      0      0      0      0      0
P5         0     50      0      0      0      0      0      0      0      0
P6         0     60      0      0      0      0      0      0      0      0
P7         0      0     70      0      0      0      0      0      0      0
P8         0      0     80      0      0      0      0      0      0      0
P9         0      0      0     90      0      0      0      0      0      0
P10        0      0      0      0    100      0      0      0      0      0
P11        0      0      0      0      0    110      0      0      0      0
P12        0      0      0      0      0      0    120      0      0      0
P13        0      0      0      0      0      0      0    130      0      0
P14        0      0      0      0      0      0      0      0    140      0
P15        0      0      0      0      0      0      0      0      0    150
P16       10      0      0      0      0      0      0      0      0    150
P17        0     30      0      0      0      0      0      0    140      0
P18        0      0      0     50      0      0      0    130      0      0
P19        0      0      0      0     70      0    120      0      0      0
P20       10      0     10     40     30    110      0      0      0      0
Coût total : 279200
Proposition acyclique
Proposition non connexe : 2 sous-graphes
  Sous-graphe 1 : {('C', 2), ('C', 5), ('P', 2), ('P', 11), ('P', 8), ('P', 14), ('P', 17), ('C', 4), ('C', 7), ('P', 1), ('P', 7), ('P', 10), ('P', 19), ('C', 0), ('C', 3), ('C', 9), ('C', 6), ('P', 0), ('P', 3), ('P', 9), ('P', 6), ('P', 12), ('P', 15), ('P', 18)}
  Sous-graphe 2 : {('P', 4), ('P', 16), ('P', 13), ('C', 8), ('C', 1), ('P', 5)}
Proposition non connexe : 2 sous-graphes
  Sous-graphe 1 : {('C', 2), ('C', 5), ('P', 2), ('P', 11), ('P', 8), ('P', 14), ('P', 17), ('C', 4), ('C', 7), ('P', 1), ('P', 7), ('P', 10), ('P', 19), ('C', 0), ('C', 3), ('C', 9), ('C', 6), ('P', 0), ('P', 3), ('P', 9), ('P', 6), ('P', 12), ('P', 15), ('P', 18)}
  Sous-graphe 2 : {('P', 4), ('P', 16), ('P', 13), ('C', 8), ('C', 1), ('P', 5)}
Ajout case dégénérée : P3C9 = 0
Proposition connexe
Potentiels u : [0, 10, 20, 30, 40, 50, 60, 70, 80, 90, 100, 110, 120, 130, 140, 150, 160, 170, 180, 190]
Potentiels v : [1, 2, 3, 4, 5, 6, 7, 8, 9, 10]

Table des coûts potentiels (u[i] + v[j]) :
P1 : [1, 2, 3, 4, 5, 6, 7, 8, 9, 10]
P2 : [11, 12, 13, 14, 15, 16, 17, 18, 19, 20]
P3 : [21, 22, 23, 24, 25, 26, 27, 28, 29, 30]
P4 : [31, 32, 33, 34, 35, 36, 37, 38, 39, 40]
P5 : [41, 42, 43, 44, 45, 46, 47, 48, 49, 50]
P6 : [51, 52, 53, 54, 55, 56, 57, 58, 59, 60]
P7 : [61, 62, 63, 64, 65, 66, 67, 68, 69, 70]
P8 : [71, 72, 73, 74, 75, 76, 77, 78, 79, 80]
P9 : [81, 82, 83, 84, 85, 86, 87, 88, 89, 90]
P10 : [91, 92, 93, 94, 95, 96, 97, 98, 99, 100]
P11 : [101, 102, 103, 104, 105, 106, 107, 108, 109, 110]
P12 : [111, 112, 113, 114, 115, 116, 117, 118, 119, 120]
P13 : [121, 122, 123, 124, 125, 126, 127, 128, 129, 130]
P14 : [131, 132, 133, 134, 135, 136, 137, 138, 139, 140]
P15 : [141, 142, 143, 144, 145, 146, 147, 148, 149, 150]
P16 : [151, 152, 153, 154, 155, 156, 157, 158, 159, 160]
P17 : [161, 162, 163, 164, 165, 166, 167, 168, 169, 170]
P18 : [171, 172, 173, 174, 175, 176, 177, 178, 179, 180]
P19 : [181, 182, 183, 184, 185, 186, 187, 188, 189, 190]
P20 : [191, 192, 193, 194, 195, 196, 197, 198, 199, 200]

Table des coûts marginaux (c[i][j] - u[i] - v[j]) :
P1 : [0, 0, 0, 0, 0, 0, 0, 0, 0, 0]
P2 : [0, 0, 0, 0, 0, 0, 0, 0, 0, 0]
P3 : [0, 0, 0, 0, 0, 0, 0, 0, 0, 0]
P4 : [0, 0, 0, 0, 0, 0, 0, 0, 0, 0]
P5 : [0, 0, 0, 0, 0, 0, 0, 0, 0, 0]
P6 : [0, 0, 0, 0, 0, 0, 0, 0, 0, 0]
P7 : [0, 0, 0, 0, 0, 0, 0, 0, 0, 0]
P8 : [0, 0, 0, 0, 0, 0, 0, 0, 0, 0]
P9 : [0, 0, 0, 0, 0, 0, 0, 0, 0, 0]
P10 : [0, 0, 0, 0, 0, 0, 0, 0, 0, 0]
P11 : [0, 0, 0, 0, 0, 0, 0, 0, 0, 0]
P12 : [0, 0, 0, 0, 0, 0, 0, 0, 0, 0]
P13 : [0, 0, 0, 0, 0, 0, 0, 0, 0, 0]
P14 : [0, 0, 0, 0, 0, 0, 0, 0, 0, 0]
P15 : [0, 0, 0, 0, 0, 0, 0, 0, 0, 0]
P16 : [0, 0, 0, 0, 0, 0, 0, 0, 0, 0]
P17 : [0, 0, 0, 0, 0, 0, 0, 0, 0, 0]
P18 : [0, 0, 0, 0, 0, 0, 0, 0, 0, 0]
P19 : [0, 0, 0, 0, 0, 0, 0, 0, 0, 0]
P20 : [0, 0, 0, 0, 0, 0, 0, 0, 0, 0]

Aucune arête améliorante, solution optimale.

--- Proposition optimale ---
          C1     C2     C3     C4     C5     C6     C7     C8     C9    C10  | Provisions
-----------------------------------------------------------------------------------------
P1         1      2      3      4      5      6      7      8      9     10  | 10
P2        11     12     13     14     15     16     17     18     19     20  | 20
P3        21     22     23     24     25     26     27     28     29     30  | 30
P4        31     32     33     34     35     36     37     38     39     40  | 40
P5        41     42     43     44     45     46     47     48     49     50  | 50
P6        51     52     53     54     55     56     57     58     59     60  | 60
P7        61     62     63     64     65     66     67     68     69     70  | 70
P8        71     72     73     74     75     76     77     78     79     80  | 80
P9        81     82     83     84     85     86     87     88     89     90  | 90
P10       91     92     93     94     95     96     97     98     99    100  | 100
P11      101    102    103    104    105    106    107    108    109    110  | 110
P12      111    112    113    114    115    116    117    118    119    120  | 120
P13      121    122    123    124    125    126    127    128    129    130  | 130
P14      131    132    133    134    135    136    137    138    139    140  | 140
P15      141    142    143    144    145    146    147    148    149    150  | 150
P16      151    152    153    154    155    156    157    158    159    160  | 160
P17      161    162    163    164    165    166    167    168    169    170  | 170
P18      171    172    173    174    175    176    177    178    179    180  | 180
P19      181    182    183    184    185    186    187    188    189    190  | 190
P20      191    192    193    194    195    196    197    198    199    200  | 200
-----------------------------------------------------------------------------------------
Cmd      120    140    160    180    200    220    240    260    280    300

Proposition :
          C1     C2     C3     C4     C5     C6     C7     C8     C9    C10
P1        10      0      0      0      0      0      0      0      0      0
P2        20      0      0      0      0      0      0      0      0      0
P3        30      0      0      0      0      0      0      0      0      0
P4        40      0      0      0      0      0      0      0      0      0
P5         0     50      0      0      0      0      0      0      0      0
P6         0     60      0      0      0      0      0      0      0      0
P7         0      0     70      0      0      0      0      0      0      0
P8         0      0     80      0      0      0      0      0      0      0
P9         0      0      0     90      0      0      0      0      0      0
P10        0      0      0      0    100      0      0      0      0      0
P11        0      0      0      0      0    110      0      0      0      0
P12        0      0      0      0      0      0    120      0      0      0
P13        0      0      0      0      0      0      0    130      0      0
P14        0      0      0      0      0      0      0      0    140      0
P15        0      0      0      0      0      0      0      0      0    150
P16       10      0      0      0      0      0      0      0      0    150
P17        0     30      0      0      0      0      0      0    140      0
P18        0      0      0     50      0      0      0    130      0      0
P19        0      0      0      0     70      0    120      0      0      0
P20       10      0     10     40     30    110      0      0      0      0
Coût total optimal : 279200
